0test
0bonjour
0re
0e
0grege
0gergerf
1gefq
0hrterd
0jyhgtbvrfde
0jhytvr
0hgtr
0h
0gt
0gt
0gt
0gt
0gt
0test
0haalo
0hhooo
0test
0bonjour
0test
0haa
0reureu
0test
0haa
0test
0retest
1hello
bonjour 
hallo
0test
0j'envoie un msg
0test
0test
0ce message est beau
0coup trop long
0ce message es
0t beaucoup tr
0op long
0ce message est beau
0coup trop long
0test
0message trop long p
0our ce chat
1test
1test2
0test
0message beaucoup tr
0op long 
0test
0test
0bonjour
1trou de balle
0test
0test
10test
0ensdnfs
0lsfldsnfl
1114949
14949
1494949
1494949
1494949
1494949
1494949
1494949
1494949
1494949
1494949
1494949
1494949
1494949
1494949
1494949
1494949
1494949
1494949
1494949
1494949
1494949
1494949
1494949
1494949
1494949
1494949
1494949
1494949
1494949
1494949
1494949
1494949
1494949
1494949
1494949
1494949
1494949
1494949
1494949
1494949
1494949
1494949
1494949
1494949
1494949
1494949
1494949
1494949
1494949
1494949
1494949
1494949
1494949
1494949
1494949
1494949
1494949
1494949
1494949
1494949
1494949
1494949
1494949
1494949
1494949
1494949
1494949
1494949
1494949
1494949
1494949
1494949
1494949
1494949
1494949
1494949
1494949
1494949
1494949
1494949
1494949
1494949
1494949
1494949
1494949
1494949
1494949
1494949
1494949
1494949
1494949
1494949
1494949
1494949
1494949
1494949
1494949
1494949
1494949
1494949
1494949
1494949
1494949
1494949
1494949
1494949
1494949
1494949
1494949
1494949
1494949
1494949
1494949
1494949
1494949
1494949
1494949
1494949
1494949
1494949
1494949
1494949
1494949
1494949
1494949
1494949
1494949
1494949
1494949
1494949
1494949
1494949
1494949
1494949
1494949
1494949
1494949
1494949
1494949
1494949
1494949
1494949
1494949
1494949
1494949
1494949
1494949
1494949
1494949
1494949
1494949
1494949
1494949
1494949
1494949
1494949
1494949
1494949
1494949
1494949
1494949
1494949
1494949
1494949
1494949
1494949
1494949
1494949
1494949
1494949
1494949
1494949
1494949
1494949
1494949
1494949
1494949
1494949
1494949
1494949
1494949
1494949
1494949
1494949
1494949
1494949
1494949
1494949
1494949
1494949
1494949
1494949
1494949
1494949
1494949
1494949
1494949
1494949
1494949
1494949
1494949
1494949
1494949
1494949
1494949
1494949
1494949
1494949
1494949
1494949
1494949
1494949
1494949
1494949
1494949
1494949
1494949
1494949
1494949
1494949
1494949
1494949
1494949
1494949
1494949
1494949
1494949
1494949
1494949
1494949
1494949
1494949
1494949
1481004952575350535553505355535053554948
110
149525752575256494810
0test
0AHHHHHHHHHHHHHH
0ùm:dmqsdqsd
0qs
0dq
0sdq
0sd
0qs
0dq
0sd
0qsdq
0test
14810211510
0test
0ahhhhh
1489710410410410410410410
0ahhh
0test
1489710410410410
1495256494954494849494953494954494810
149525753505354535553535257525653505257
15256535052575256535052575256494810
14910
149535152565351534853515353535153485351
15352535053555350535452575256494810
14952575350535552575256494810
149535153505351534853515353535153485351
15352535053555350535452575256494810
149535153485351535253505355535053545257
15256494810
149535153505351534853515353535153485351
15352535053555350535452575256494810
149525753515348535153525350535553505354
152575256494810
149535153505351534853515353535153485351
15352535053555350535452575256494810
149525753515348535153535351534853515352
1535053555350535452575256494810
149535153505351534853515353535153485351
15352535053555350535452575256494810
149535153505351534853515353535153485351
15352535053555350535452575256494810
149535153505351534853515353535153485351
15352535053555350535452575256494810
149535153505351534853515353535153485351
15352535053555350535452575256494810
149535153505351534853515353535153485351
15352535053555350535452575256494810
149535153505351534853515353535153485351
15352535053555350535452575256494810
149535153505351534853515353535153485351
15352535053555350535452575256494810
149535153505351534853515353535153485351
15352535053555350535452575256494810
149535153505351534853515353535153485351
15352535053555350535452575256494810
149535153505351534853515353535153485351
15352535053555350535452575256494810
149535153505351534853515353535153485351
15352535053555350535452575256494810
149535153505351534853515353535153485351
15352535053555350535452575256494810
149535153505351534853515353535153485351
15352535053555350535452575256494810
149535153505351534853515353535153485351
15352535053555350535452575256494810
149535153505351534853515353535153485351
15352535053555350535452575256494810
149535153505351534853515353535153485351
15352535053555350535452575256494810
149535153505351534853515353535153485351
15352535053555350535452575256494810
149535153505351534853515353535153485351
15352535053555350535452575256494810
149535153505351534853515353535153485351
15352535053555350535452575256494810
149535153505351534853515353535153485351
15352535053555350535452575256494810
149535153505351534853515353535153485351
15352535053555350535452575256494810
149535153505351534853515353535153485351
15352535053555350535452575256494810
149535153505351534853515353535153485351
15352535053555350535452575256494810
149535153505351534853515353535153485351
15352535053555350535452575256494810
149535153505351534853515353535153485351
15352535053555350535452575256494810
149535153505351534853515353535153485351
15352535053555350535452575256494810
149535153505351534853515353535153485351
15352535053555350535452575256494810
149535153505351534853515353535153485351
15352535053555350535452575256494810
149535153505351534853515353535153485351
15352535053555350535452575256494810
149535153505351534853515353535153485351
15352535053555350535452575256494810
149535153505351534853515353535153485351
15352535053555350535452575256494810
0eazugeiahzieaze$aze
0
149535153505351534853515353535153485351
15352535053555350535452575256494810
0az
1495256494810
0e
149535153505351534853515353535153485351
15352535053555350535452575256494810
149525753505355535153485351535253505355
15350535452575256494810
149535153505351534853515353535153485351
15352535053555350535452575256494810
1495350535452575256494810
149535153505351534853515353535153485351
15352535053555350535452575256494810
149535053555350535452575256494810
149535153505351534853515353535153485351
15352535053555350535452575256494810
149535153485351535353515348535153525350
153555350535452575256494810
149535153505351534853515353535153485351
15352535053555350535452575256494810
149535153525350535553505354525752564948
110
149535153505351534853515353535153485351
15352535053555350535452575256494810
149525752575256494810
149535153505351534853515353535153485351
15352535053555350535452575256494810
149535153505351534853515353535153485351
15352535053555350535452575256494810
149535153505351534853515353535153485351
15352535053555350535452575256494810
149535153505351534853515353535153485351
15352535053555350535452575256494810
149535153505351534853515353535153485351
15352535053555350535452575256494810
149535153505351534853515353535153485351
15352535053555350535452575256494810
149535153505351534853515353535153485351
15352535053555350535452575256494810
149535153505351534853515353535153485351
15352535053555350535452575256494810
149535153505351534853515353535153485351
15352535053555350535452575256494810
149535153505351534853515353535153485351
15352535053555350535452575256494810
149535153505351534853515353535153485351
15352535053555350535452575256494810
149535153505351534853515353535153485351
15352535053555350535452575256494810
149535153505351534853515353535153485351
15352535053555350535452575256494810
149535153505351534853515353535153485351
15352535053555350535452575256494810
149535153505351534853515353535153485351
15352535053555350535452575256494810
149535153505351534853515353535153485351
15352535053555350535452575256494810
149535153505351534853515353535153485351
15352535053555350535452575256494810
149535153505351534853515353535153485351
15352535053555350535452575256494810
149535153505351534853515353535153485351
15352535053555350535452575256494810
149535153505351534853515353535153485351
15352535053555350535452575256494810
149535153505351534853515353535153485351
15352535053555350535452575256494810
149535153505351534853515353535153485351
15352535053555350535452575256494810
149535153505351534853515353535153485351
15352535053555350535452575256494810
149535153505351534853515353535153485351
15352535053555350535452575256494810
149535153505351534853515353535153485351
15352535053555350535452575256494810
149535153505351534853515353535153485351
15352535053555350535452575256494810
149535153505351534853515353535153485351
15352535053555350535452575256494810
149535153505351534853515353535153485351
15352535053555350535452575256494810
149535153505351534853515353535153485351
15352535053555350535452575256494810
149535153505351534853515353535153485351
15352535053555350535452575256494810
149535153505351534853515353535153485351
15352535053555350535452575256494810
149535153505351534853515353535153485351
15352535053555350535452575256494810
149535153505351534853515353535153485351
15352535053555350535452575256494810
149535153505351534853515353535153485351
15352535053555350535452575256494810
149535153505351534853515353535153485351
15352535053555350535452575256494810
149535153505351534853515353535153485351
15352535053555350535452575256494810
148102108115441001081024410811510010211510010
149535153505351534853515353535153485351
15352535053555350535452575256494810
14810211510010210
149535153505351534853515353535153485351
15352535053555350535452575256494810
149525753505354525752565348525752575351
152575256525652575256534852575256494810
1
14811510010
1495257494810
14810211510
149525753505355535153485351535353505355
15350535452575256494810
149525753505354525752565348525752575351
152575256494810
14810010211510010210
14811510
1495256494810
14810010210
